1 0.0021 3994.1165 213 0 0.1831 4.3624 10.8343 0.5065 10.3590 0.0000 17.6957 4.1304 3 31 176.3137 207.7781 91.7446 196.2307 21 1 4 2 3 0 3 1 4 0 4 1 3 0 1 1 6 4 2 3 3 0 0 457 457 PSA A A
1 0.1847 4680.8237 204 0 0.3529 4.4814 10.8531 0.5450 22.0000 0.0000 27.5882 3.4706 -8 26 183.5595 226.1442 124.2374 226.0680 11 1 0 0 7 0 2 1 7 0 8 4 0 0 4 0 9 5 0 2 1 0 0 328 328 NULL A A
1 1.0000 2912.7720 187 0 0.5241 4.3207 11.5341 0.5341 48.6735 0.0000 34.3462 5.0769 3 16 107.4789 84.2598 47.7836 96.3200 8 1 2 1 2 0 0 1 1 1 1 3 3 0 3 0 1 0 1 4 1 0 0 238 238 NULL A A
1 0.9998 1567.7188 110 0 0.4182 4.5201 6.7627 0.4934 36.8261 0.0000 34.2593 4.8519 0 17 105.0637 48.2599 82.1878 27.8238 12 1 1 2 0 0 3 2 0 0 2 1 1 0 3 1 2 0 0 6 2 0 0 594 594 NULL A A
1 0.0044 3832.5613 152 0 0.1513 4.4958 9.8519 0.5972 9.5652 0.0000 -7.5946 3.4865 -7 27 114.7247 187.8280 70.7198 141.5900 15 2 3 2 8 0 0 4 4 2 0 1 0 0 0 2 2 4 1 1 1 0 0 499 499 NULL A A
1 1.0000 4532.4214 205 0 0.4537 4.5626 11.9645 0.5825 55.0968 0.0000 29.8333 4.9333 5 20 173.8984 128.1011 105.1240 183.2129 11 1 3 1 2 0 0 1 1 2 1 3 3 0 3 0 2 1 1 4 1 0 0 221 221 NULL A A
1 0.6107 2791.9382 132 0 0.3333 4.1924 9.4798 0.5561 15.6364 0.0000 30.1053 3.9737 -1 16 120.7427 80.0625 86.8047 68.3555 9 1 1 2 3 4 1 1 3 1 0 6 1 2 2 2 3 0 1 2 2 0 0 286 286 HOH A A
1 0.0059 4088.3728 206 0 0.1650 4.3138 10.2049 0.5104 11.0000 0.0000 19.1395 4.2326 2 29 166.6527 217.1778 91.7446 173.5394 17 1 3 2 3 0 3 1 4 0 3 2 3 0 1 1 4 4 2 4 2 0 0 409 409 PSA A A
1 1.0000 717.4705 91 0 0.7363 3.9413 5.0319 0.4513 63.0746 0.0000 22.8000 3.9500 0 10 32.6060 50.8012 15.2908 22.7758 6 0 1 2 2 0 1 1 2 1 2 1 1 1 1 0 1 0 0 0 3 0 0 403 403 0TJ A A
1 0.9998 5077.9541 144 0 0.6250 4.4330 12.1616 0.6764 31.2222 0.0000 33.9118 4.3235 5 16 251.2658 72.3410 204.5139 122.4330 6 1 2 2 1 0 2 1 3 3 0 1 2 2 5 0 0 2 1 0 6 0 0 151 151 NULL A A
1 1.0000 2989.8357 162 0 0.5741 4.4355 11.1545 0.5545 45.0538 0.0000 34.3750 5.1667 3 16 190.8053 108.0975 97.4786 90.8778 15 1 2 1 2 0 0 1 0 2 0 3 2 0 3 0 1 0 1 4 1 0 0 220 220 707 A A
1 1.0000 3402.0322 189 0 0.5767 4.5033 10.8169 0.5895 52.4037 0.0000 27.8148 5.1481 5 19 156.9917 101.3368 97.4786 113.6817 12 1 2 2 2 0 0 1 0 2 0 3 4 0 3 0 1 0 1 4 1 0 0 329 329 NULL A A
1 1.0000 3011.6997 188 0 0.5053 4.4840 11.0678 0.5665 54.9895 0.0000 35.8462 5.0769 5 16 130.4238 136.2652 68.8084 99.6009 10 1 2 1 2 0 0 0 1 2 1 3 3 0 3 0 1 0 1 4 1 0 0 219 219 NULL A A
1 1.0000 3085.6101 168 0 0.5893 4.5093 10.6675 0.5794 47.9192 0.0000 34.5000 5.1250 4 16 152.1611 92.7208 101.3013 76.8251 10 1 2 2 2 0 0 0 0 2 0 3 2 0 3 0 1 0 1 4 1 0 0 221 221 KAC A A
1 0.9371 3251.4963 167 0 0.3174 4.2062 11.0846 0.5608 17.3208 0.0000 20.9714 3.7429 3 23 123.1781 114.0394 86.0105 68.1020 11 0 0 1 1 4 3 0 5 2 0 1 2 0 1 0 6 2 1 5 1 0 0 288 288 NULL A A
1 1.0000 4101.0488 206 0 0.4806 4.5331 11.8780 0.5866 51.5354 0.0000 29.8333 4.9333 5 20 171.4832 155.8927 120.4147 165.7668 11 1 3 1 2 0 0 1 1 2 1 3 3 0 3 0 2 1 1 4 1 0 0 221 221 NULL A A
1 0.0344 2347.0701 129 0 0.2558 4.4917 7.8822 0.5488 17.3939 0.0000 22.6154 3.6538 2 14 115.9323 97.2722 76.4538 137.9149 7 3 1 1 1 1 2 1 1 3 0 3 0 2 1 1 1 4 0 0 0 0 0 300 300 NULL A A
1 0.9945 2722.6028 160 0 0.3000 4.4604 7.7358 0.5500 32.3750 0.0000 25.8462 3.7308 2 13 134.3634 76.7817 114.6807 98.0027 7 3 1 1 1 1 2 1 1 3 0 4 0 2 1 1 1 3 0 0 0 0 0 305 305 NULL A A
1 0.7819 2305.1111 126 0 0.2302 4.3533 8.2279 0.5621 18.2759 0.0000 25.2400 3.8000 2 13 118.4268 59.1294 91.7446 50.5432 10 2 1 1 1 1 2 1 1 3 0 4 0 2 1 1 1 3 0 0 0 0 0 2308 2308 NULL A A
1 0.9522 1336.0781 125 1 0.2960 4.2735 5.8712 0.4963 31.7297 0.0000 23.7083 3.9167 2 14 85.8208 72.2746 47.7836 82.2673 6 0 1 1 1 2 1 1 1 3 0 3 0 2 1 1 2 3 0 1 0 0 0 306 305 NULL A B
1 0.9989 3322.9709 273 1 0.3480 4.5253 10.3356 0.5392 35.5789 0.0000 22.4419 3.6977 1 27 101.4408 180.3813 42.0496 149.8343 25 2 2 1 3 3 1 1 4 2 0 3 1 0 1 0 5 7 2 2 3 0 0 239 7 CNT B D
1 0.9976 2662.8191 125 0 0.3520 4.6030 9.0557 0.5855 29.3182 0.0000 10.4688 4.1250 3 22 101.5199 100.0662 97.4786 66.2504 10 2 4 2 2 2 1 3 1 3 0 1 1 0 1 1 2 2 1 1 2 0 0 271 271 CAC A A
